 YR   MON  TOTAL ClimAdjust ANOM 
1950   1   24.91   26.32   -1.41
1950   2   25.26   26.51   -1.25
1950   3   26.09   27.05   -0.97
1950   4   26.40   27.50   -1.10
1950   5   26.26   27.66   -1.40
1950   6   26.59   27.42   -0.82
1950   7   26.39   26.92   -0.53
1950   8   25.89   26.48   -0.58
1950   9   25.72   26.34   -0.62
1950  10   25.85   26.27   -0.42
1950  11   25.70   26.34   -0.64
1950  12   25.43   26.32   -0.89
1951   1   25.41   26.32   -0.91
1951   2   25.80   26.51   -0.72
1951   3   27.02   27.05   -0.03
1951   4   27.64   27.50    0.14
1951   5   28.00   27.66    0.33
1951   6   27.52   27.42    0.10
1951   7   27.58   26.92    0.66
1951   8   27.07   26.48    0.59
1951   9   27.27   26.34    0.93
1951  10   27.12   26.27    0.85
1951  11   27.13   26.34    0.79
1951  12   26.90   26.32    0.57
1952   1   26.76   26.32    0.44
1952   2   26.87   26.51    0.36
1952   3   27.36   27.05    0.31
1952   4   28.02   27.50    0.52
1952   5   28.15   27.66    0.49
1952   6   27.47   27.42    0.05
1952   7   26.92   26.92   -0.01
1952   8   26.47   26.48   -0.00
1952   9   26.52   26.34    0.18
1952  10   26.54   26.27    0.27
1952  11   26.39   26.34    0.05
1952  12   26.56   26.32    0.24
1953   1   26.94   26.32    0.62
1953   2   27.24   26.51    0.73
1953   3   27.64   27.05    0.58
1953   4   28.21   27.50    0.71
1953   5   28.33   27.66    0.67
1953   6   28.18   27.42    0.76
1953   7   27.61   26.92    0.68
1953   8   27.13   26.48    0.65
1953   9   27.11   26.34    0.77
1953  10   27.14   26.27    0.87
1953  11   27.00   26.34    0.66
1953  12   27.08   26.32    0.76
1954   1   26.98   26.32    0.67
1954   2   27.11   26.51    0.60
1954   3   27.05   27.05   -0.00
1954   4   26.90   27.50   -0.60
1954   5   27.12   27.66   -0.54
1954   6   27.03   27.42   -0.38
1954   7   26.43   26.92   -0.50
1954   8   25.73   26.48   -0.74
1954   9   25.51   26.34   -0.83
1954  10   25.67   26.27   -0.59
1954  11   25.93   26.34   -0.41
1954  12   25.69   26.32   -0.63
1955   1   25.88   26.32   -0.44
1955   2   25.93   26.51   -0.58
1955   3   26.42   27.05   -0.64
1955   4   26.71   27.50   -0.79
1955   5   26.97   27.66   -0.69
1955   6   26.82   27.42   -0.60
1955   7   26.43   26.92   -0.50
1955   8   25.87   26.48   -0.61
1955   9   25.63   26.34   -0.71
1955  10   24.69   26.27   -1.57
1955  11   24.52   26.34   -1.82
1955  12   24.81   26.32   -1.52
1956   1   25.68   26.43   -0.75
1956   2   26.12   26.61   -0.48
1956   3   26.63   27.09   -0.46
1956   4   26.84   27.56   -0.72
1956   5   27.34   27.69   -0.35
1956   6   27.06   27.49   -0.42
1956   7   26.50   26.98   -0.49
1956   8   25.92   26.49   -0.56
1956   9   25.97   26.33   -0.35
1956  10   25.87   26.27   -0.40
1956  11   25.80   26.37   -0.57
1956  12   25.91   26.33   -0.41
1957   1   26.10   26.43   -0.33
1957   2   26.54   26.61   -0.07
1957   3   27.44   27.09    0.35
1957   4   28.14   27.56    0.58
1957   5   28.41   27.69    0.72
1957   6   28.27   27.49    0.78
1957   7   28.12   26.98    1.14
1957   8   27.70   26.49    1.21
1957   9   27.43   26.33    1.10
1957  10   27.39   26.27    1.12
1957  11   27.74   26.37    1.37
1957  12   27.87   26.33    1.54
1958   1   28.23   26.43    1.80
1958   2   28.25   26.61    1.65
1958   3   28.21   27.09    1.12
1958   4   28.27   27.56    0.71
1958   5   28.33   27.69    0.64
1958   6   28.15   27.49    0.67
1958   7   27.37   26.98    0.38
1958   8   26.85   26.49    0.36
1958   9   26.64   26.33    0.31
1958  10   26.79   26.27    0.52
1958  11   27.04   26.37    0.68
1958  12   26.85   26.33    0.52
1959   1   27.05   26.43    0.62
1959   2   27.22   26.61    0.61
1959   3   27.44   27.09    0.35
1959   4   27.86   27.56    0.30
1959   5   27.74   27.69    0.05
1959   6   27.34   27.49   -0.15
1959   7   26.56   26.98   -0.43
1959   8   26.27   26.49   -0.22
1959   9   26.11   26.33   -0.22
1959  10   26.31   26.27    0.04
1959  11   26.22   26.37   -0.15
1959  12   26.30   26.33   -0.03
1960   1   26.32   26.43   -0.11
1960   2   26.40   26.61   -0.20
1960   3   26.95   27.09   -0.14
1960   4   27.61   27.56    0.05
1960   5   27.65   27.69   -0.04
1960   6   27.21   27.49   -0.28
1960   7   26.85   26.98   -0.14
1960   8   26.77   26.49    0.29
1960   9   26.48   26.33    0.15
1960  10   26.31   26.27    0.04
1960  11   26.43   26.37    0.06
1960  12   26.27   26.33   -0.06
1961   1   26.35   26.35   -0.00
1961   2   26.52   26.55   -0.03
1961   3   26.92   27.00   -0.09
1961   4   27.37   27.48   -0.11
1961   5   27.72   27.58    0.14
1961   6   27.71   27.38    0.33
1961   7   27.06   26.93    0.13
1961   8   26.28   26.46   -0.18
1961   9   25.96   26.32   -0.36
1961  10   25.86   26.26   -0.40
1961  11   26.14   26.30   -0.16
1961  12   26.14   26.24   -0.09
1962   1   26.15   26.35   -0.20
1962   2   26.30   26.55   -0.25
1962   3   26.82   27.00   -0.18
1962   4   27.23   27.48   -0.25
1962   5   27.21   27.58   -0.37
1962   6   27.19   27.38   -0.19
1962   7   26.86   26.93   -0.07
1962   8   26.40   26.46   -0.07
1962   9   26.01   26.32   -0.30
1962  10   26.11   26.26   -0.15
1962  11   25.87   26.30   -0.43
1962  12   25.82   26.24   -0.42
1963   1   25.94   26.35   -0.41
1963   2   26.32   26.55   -0.23
1963   3   27.16   27.00    0.16
1963   4   27.76   27.48    0.28
1963   5   27.59   27.58    0.01
1963   6   27.61   27.38    0.23
1963   7   27.77   26.93    0.84
1963   8   27.47   26.46    1.01
1963   9   27.43   26.32    1.12
1963  10   27.45   26.26    1.20
1963  11   27.42   26.30    1.13
1963  12   27.55   26.24    1.31
1964   1   27.33   26.35    0.98
1964   2   27.21   26.55    0.66
1964   3   27.05   27.00    0.05
1964   4   27.06   27.48   -0.42
1964   5   27.01   27.58   -0.56
1964   6   26.67   27.38   -0.70
1964   7   26.28   26.93   -0.64
1964   8   25.73   26.46   -0.74
1964   9   25.50   26.32   -0.81
1964  10   25.53   26.26   -0.73
1964  11   25.43   26.30   -0.87
1964  12   25.41   26.24   -0.82
1965   1   25.78   26.35   -0.57
1965   2   26.34   26.55   -0.21
1965   3   26.99   27.00   -0.01
1965   4   27.50   27.48    0.02
1965   5   27.98   27.58    0.40
1965   6   28.10   27.38    0.72
1965   7   27.93   26.93    1.00
1965   8   27.88   26.46    1.41
1965   9   27.91   26.32    1.59
1965  10   28.13   26.26    1.87
1965  11   28.06   26.30    1.76
1965  12   27.89   26.24    1.65
1966   1   27.65   26.45    1.20
1966   2   27.54   26.64    0.90
1966   3   28.10   27.09    1.01
1966   4   28.14   27.49    0.64
1966   5   27.66   27.64    0.02
1966   6   27.75   27.45    0.30
1966   7   27.27   27.02    0.25
1966   8   26.57   26.58   -0.01
1966   9   26.44   26.47   -0.02
1966  10   26.41   26.45   -0.04
1966  11   26.39   26.48   -0.09
1966  12   26.16   26.45   -0.29
1967   1   26.05   26.45   -0.41
1967   2   26.22   26.64   -0.42
1967   3   26.52   27.09   -0.57
1967   4   26.85   27.49   -0.64
1967   5   27.43   27.64   -0.21
1967   6   27.56   27.45    0.12
1967   7   27.00   27.02   -0.02
1967   8   26.48   26.58   -0.10
1967   9   25.97   26.47   -0.50
1967  10   26.08   26.45   -0.38
1967  11   26.15   26.48   -0.33
1967  12   25.98   26.45   -0.46
1968   1   25.73   26.45   -0.72
1968   2   25.71   26.64   -0.93
1968   3   26.29   27.09   -0.80
1968   4   27.09   27.49   -0.40
1968   5   27.30   27.64   -0.33
1968   6   27.89   27.45    0.45
1968   7   27.55   27.02    0.52
1968   8   26.98   26.58    0.40
1968   9   26.74   26.47    0.28
1968  10   26.73   26.45    0.28
1968  11   27.19   26.48    0.71
1968  12   27.20   26.45    0.75
1969   1   27.41   26.45    0.95
1969   2   27.76   26.64    1.12
1969   3   27.88   27.09    0.79
1969   4   28.20   27.49    0.70
1969   5   28.31   27.64    0.68
1969   6   27.90   27.45    0.45
1969   7   27.25   27.02    0.23
1969   8   27.15   26.58    0.57
1969   9   27.23   26.47    0.76
1969  10   27.40   26.45    0.95
1969  11   27.21   26.48    0.73
1969  12   27.15   26.45    0.71
1970   1   26.99   26.45    0.54
1970   2   27.13   26.64    0.49
1970   3   27.39   27.09    0.30
1970   4   27.89   27.49    0.40
1970   5   27.77   27.64    0.13
1970   6   27.16   27.45   -0.29
1970   7   26.40   27.02   -0.62
1970   8   25.70   26.58   -0.88
1970   9   25.71   26.47   -0.76
1970  10   25.61   26.45   -0.84
1970  11   25.62   26.48   -0.86
1970  12   25.37   26.45   -1.07
1971   1   24.97   26.52   -1.55
1971   2   25.36   26.70   -1.34
1971   3   26.05   27.13   -1.08
1971   4   26.69   27.53   -0.84
1971   5   27.04   27.66   -0.62
1971   6   26.66   27.48   -0.82
1971   7   26.30   27.04   -0.74
1971   8   25.96   26.64   -0.68
1971   9   25.83   26.53   -0.70
1971  10   25.67   26.54   -0.87
1971  11   25.80   26.55   -0.75
1971  12   25.52   26.52   -0.99
1972   1   25.79   26.52   -0.73
1972   2   26.35   26.70   -0.35
1972   3   27.14   27.13    0.01
1972   4   27.90   27.53    0.37
1972   5   28.28   27.66    0.62
1972   6   28.22   27.48    0.73
1972   7   28.15   27.04    1.10
1972   8   27.98   26.64    1.34
1972   9   27.97   26.53    1.45
1972  10   28.33   26.54    1.80
1972  11   28.57   26.55    2.02
1972  12   28.55   26.52    2.03
1973   1   28.20   26.52    1.69
1973   2   27.92   26.70    1.23
1973   3   27.70   27.13    0.57
1973   4   27.54   27.53    0.01
1973   5   27.16   27.66   -0.51
1973   6   26.78   27.48   -0.71
1973   7   25.99   27.04   -1.05
1973   8   25.52   26.64   -1.12
1973   9   25.20   26.53   -1.32
1973  10   24.90   26.54   -1.64
1973  11   24.53   26.55   -2.01
1973  12   24.57   26.52   -1.94
1974   1   24.71   26.52   -1.80
1974   2   25.24   26.70   -1.45
1974   3   25.96   27.13   -1.17
1974   4   26.65   27.53   -0.88
1974   5   26.79   27.66   -0.88
1974   6   26.65   27.48   -0.84
1974   7   26.47   27.04   -0.57
1974   8   26.40   26.64   -0.24
1974   9   26.24   26.53   -0.29
1974  10   25.92   26.54   -0.62
1974  11   25.77   26.55   -0.77
1974  12   25.81   26.52   -0.71
1975   1   26.21   26.52   -0.31
1975   2   26.19   26.70   -0.51
1975   3   26.40   27.13   -0.73
1975   4   27.03   27.53   -0.50
1975   5   27.06   27.66   -0.60
1975   6   26.48   27.48   -1.00
1975   7   26.15   27.04   -0.90
1975   8   25.54   26.64   -1.10
1975   9   25.24   26.53   -1.29
1975  10   25.06   26.54   -1.48
1975  11   25.19   26.55   -1.36
1975  12   24.87   26.52   -1.64
1976   1   24.79   26.50   -1.70
1976   2   25.58   26.67   -1.09
1976   3   26.59   27.12   -0.54
1976   4   27.07   27.52   -0.45
1976   5   27.34   27.63   -0.29
1976   6   27.37   27.46   -0.09
1976   7   27.15   27.06    0.09
1976   8   26.96   26.69    0.27
1976   9   27.03   26.61    0.42
1976  10   27.49   26.59    0.91
1976  11   27.38   26.56    0.82
1976  12   27.24   26.54    0.71
1977   1   27.36   26.50    0.87
1977   2   27.22   26.67    0.55
1977   3   27.56   27.12    0.44
1977   4   27.65   27.52    0.12
1977   5   27.94   27.63    0.31
1977   6   27.92   27.46    0.45
1977   7   27.51   27.06    0.45
1977   8   26.91   26.69    0.22
1977   9   27.08   26.61    0.47
1977  10   27.31   26.59    0.72
1977  11   27.28   26.56    0.72
1977  12   27.36   26.54    0.82
1978   1   27.24   26.50    0.74
1978   2   27.14   26.67    0.47
1978   3   27.20   27.12    0.08
1978   4   27.22   27.52   -0.31
1978   5   27.41   27.63   -0.22
1978   6   27.15   27.46   -0.31
1978   7   26.76   27.06   -0.30
1978   8   26.17   26.69   -0.52
1978   9   26.12   26.61   -0.49
1978  10   26.30   26.59   -0.29
1978  11   26.43   26.56   -0.13
1978  12   26.58   26.54    0.04
1979   1   26.49   26.50   -0.01
1979   2   26.61   26.67   -0.07
1979   3   27.42   27.12    0.29
1979   4   27.93   27.52    0.41
1979   5   27.88   27.63    0.26
1979   6   27.60   27.46    0.13
1979   7   27.05   27.06   -0.01
1979   8   26.85   26.69    0.16
1979   9   27.14   26.61    0.53
1979  10   26.92   26.59    0.34
1979  11   27.10   26.56    0.54
1979  12   27.18   26.54    0.64
1980   1   27.15   26.50    0.65
1980   2   27.10   26.67    0.43
1980   3   27.38   27.12    0.26
1980   4   27.86   27.52    0.34
1980   5   28.15   27.63    0.52
1980   6   28.04   27.46    0.58
1980   7   27.46   27.06    0.40
1980   8   26.74   26.69    0.05
1980   9   26.63   26.61    0.02
1980  10   26.57   26.59   -0.01
1980  11   26.69   26.56    0.13
1980  12   26.81   26.54    0.27
1981   1   26.38   26.68   -0.29
1981   2   26.29   26.83   -0.55
1981   3   26.81   27.27   -0.45
1981   4   27.42   27.70   -0.28
1981   5   27.51   27.80   -0.28
1981   6   27.41   27.58   -0.17
1981   7   26.79   27.14   -0.35
1981   8   26.44   26.76   -0.31
1981   9   26.56   26.67   -0.11
1981  10   26.53   26.64   -0.11
1981  11   26.45   26.64   -0.19
1981  12   26.56   26.64   -0.08
1982   1   26.84   26.68    0.16
1982   2   26.70   26.83   -0.13
1982   3   27.52   27.27    0.26
1982   4   28.13   27.70    0.43
1982   5   28.46   27.80    0.66
1982   6   28.33   27.58    0.74
1982   7   27.75   27.14    0.61
1982   8   27.66   26.76    0.91
1982   9   28.22   26.67    1.55
1982  10   28.66   26.64    2.01
1982  11   28.67   26.64    2.03
1982  12   28.85   26.64    2.21
1983   1   28.81   26.68    2.13
1983   2   28.67   26.83    1.84
1983   3   28.71   27.27    1.44
1983   4   28.83   27.70    1.13
1983   5   28.89   27.80    1.09
1983   6   28.33   27.58    0.75
1983   7   27.26   27.14    0.12
1983   8   26.77   26.76    0.02
1983   9   26.43   26.67   -0.25
1983  10   25.90   26.64   -0.75
1983  11   25.75   26.64   -0.89
1983  12   25.87   26.64   -0.76
1984   1   26.08   26.68   -0.60
1984   2   26.72   26.83   -0.12
1984   3   26.99   27.27   -0.28
1984   4   27.31   27.70   -0.39
1984   5   27.41   27.80   -0.39
1984   6   27.07   27.58   -0.51
1984   7   26.95   27.14   -0.19
1984   8   26.67   26.76   -0.08
1984   9   26.46   26.67   -0.21
1984  10   26.18   26.64   -0.47
1984  11   25.65   26.64   -0.99
1984  12   25.46   26.64   -1.17
1985   1   25.69   26.68   -0.99
1985   2   26.23   26.83   -0.60
1985   3   26.65   27.27   -0.61
1985   4   26.86   27.70   -0.84
1985   5   27.11   27.80   -0.68
1985   6   26.96   27.58   -0.62
1985   7   26.79   27.14   -0.35
1985   8   26.45   26.76   -0.31
1985   9   26.18   26.67   -0.50
1985  10   26.38   26.64   -0.26
1985  11   26.48   26.64   -0.16
1985  12   26.37   26.64   -0.26
1986   1   26.13   26.59   -0.46
1986   2   26.27   26.77   -0.50
1986   3   27.03   27.24   -0.21
1986   4   27.63   27.70   -0.07
1986   5   27.64   27.82   -0.18
1986   6   27.57   27.57    0.00
1986   7   27.27   27.14    0.13
1986   8   27.21   26.78    0.43
1986   9   27.36   26.71    0.65
1986  10   27.56   26.67    0.89
1986  11   27.65   26.63    1.02
1986  12   27.68   26.62    1.06
1987   1   27.73   26.59    1.14
1987   2   27.97   26.77    1.20
1987   3   28.47   27.24    1.23
1987   4   28.66   27.70    0.96
1987   5   28.61   27.82    0.79
1987   6   28.61   27.57    1.05
1987   7   28.53   27.14    1.39
1987   8   28.41   26.78    1.64
1987   9   28.37   26.71    1.66
1987  10   28.07   26.67    1.40
1987  11   27.87   26.63    1.23
1987  12   27.63   26.62    1.02
1988   1   27.50   26.59    0.91
1988   2   27.13   26.77    0.36
1988   3   27.41   27.24    0.17
1988   4   27.54   27.70   -0.16
1988   5   26.96   27.82   -0.86
1988   6   26.28   27.57   -1.29
1988   7   25.75   27.14   -1.39
1988   8   25.74   26.78   -1.04
1988   9   25.81   26.71   -0.91
1988  10   25.02   26.67   -1.65
1988  11   24.85   26.63   -1.78
1988  12   24.89   26.62   -1.72
1989   1   24.83   26.59   -1.76
1989   2   25.44   26.77   -1.33
1989   3   26.21   27.24   -1.03
1989   4   26.81   27.70   -0.89
1989   5   27.20   27.82   -0.62
1989   6   27.21   27.57   -0.35
1989   7   26.85   27.14   -0.29
1989   8   26.47   26.78   -0.31
1989   9   26.50   26.71   -0.21
1989  10   26.41   26.67   -0.25
1989  11   26.32   26.63   -0.32
1989  12   26.60   26.62   -0.01
1990   1   26.68   26.59    0.09
1990   2   27.02   26.77    0.25
1990   3   27.38   27.24    0.14
1990   4   27.90   27.70    0.20
1990   5   28.05   27.82    0.23
1990   6   27.72   27.57    0.16
1990   7   27.51   27.14    0.37
1990   8   27.12   26.78    0.34
1990   9   27.03   26.71    0.32
1990  10   27.08   26.67    0.41
1990  11   26.89   26.63    0.26
1990  12   27.04   26.62    0.42
1991   1   27.12   26.74    0.39
1991   2   27.19   26.91    0.28
1991   3   27.46   27.38    0.07
1991   4   28.14   27.83    0.31
1991   5   28.29   27.95    0.34
1991   6   28.27   27.73    0.54
1991   7   28.08   27.31    0.77
1991   8   27.71   26.95    0.76
1991   9   27.35   26.90    0.44
1991  10   27.70   26.88    0.82
1991  11   27.97   26.83    1.14
1991  12   28.28   26.80    1.47
1992   1   28.39   26.74    1.65
1992   2   28.51   26.91    1.61
1992   3   28.65   27.38    1.26
1992   4   29.04   27.83    1.21
1992   5   29.00   27.95    1.05
1992   6   28.50   27.73    0.77
1992   7   27.76   27.31    0.45
1992   8   27.10   26.95    0.15
1992   9   26.86   26.90   -0.04
1992  10   26.67   26.88   -0.21
1992  11   26.68   26.83   -0.15
1992  12   26.76   26.80   -0.04
1993   1   26.88   26.74    0.15
1993   2   27.25   26.91    0.34
1993   3   27.78   27.38    0.40
1993   4   28.62   27.83    0.79
1993   5   28.86   27.95    0.91
1993   6   28.28   27.73    0.55
1993   7   27.60   27.31    0.28
1993   8   27.04   26.95    0.09
1993   9   27.19   26.90    0.29
1993  10   27.03   26.88    0.15
1993  11   26.90   26.83    0.07
1993  12   26.93   26.80    0.13
1994   1   26.86   26.74    0.13
1994   2   27.00   26.91    0.09
1994   3   27.50   27.38    0.11
1994   4   28.16   27.83    0.34
1994   5   28.35   27.95    0.40
1994   6   28.08   27.73    0.35
1994   7   27.63   27.31    0.32
1994   8   27.44   26.95    0.48
1994   9   27.14   26.90    0.24
1994  10   27.45   26.88    0.57
1994  11   27.87   26.83    1.04
1994  12   27.94   26.80    1.14
1995   1   27.68   26.74    0.94
1995   2   27.59   26.91    0.69
1995   3   27.81   27.38    0.43
1995   4   28.18   27.83    0.35
1995   5   28.00   27.95    0.05
1995   6   27.77   27.73    0.04
1995   7   27.20   27.31   -0.11
1995   8   26.50   26.95   -0.45
1995   9   26.11   26.90   -0.79
1995  10   25.96   26.88   -0.92
1995  11   25.80   26.83   -1.02
1995  12   25.83   26.80   -0.97
1996   1   25.88   26.71   -0.84
1996   2   26.09   26.89   -0.80
1996   3   26.78   27.37   -0.59
1996   4   27.53   27.85   -0.33
1996   5   27.75   27.96   -0.21
1996   6   27.54   27.73   -0.19
1996   7   27.09   27.31   -0.22
1996   8   26.79   26.96   -0.17
1996   9   26.49   26.87   -0.38
1996  10   26.48   26.83   -0.35
1996  11   26.42   26.78   -0.36
1996  12   26.15   26.73   -0.57
1997   1   26.16   26.71   -0.55
1997   2   26.50   26.89   -0.39
1997   3   27.05   27.37   -0.32
1997   4   28.02   27.85    0.17
1997   5   28.53   27.96    0.56
1997   6   28.81   27.73    1.09
1997   7   28.75   27.31    1.44
1997   8   28.70   26.96    1.74
1997   9   28.84   26.87    1.97
1997  10   29.07   26.83    2.24
1997  11   29.10   26.78    2.32
1997  12   28.95   26.73    2.23
1998   1   28.92   26.71    2.21
1998   2   28.78   26.89    1.89
1998   3   28.69   27.37    1.32
1998   4   28.72   27.85    0.86
1998   5   28.63   27.96    0.67
1998   6   27.58   27.73   -0.15
1998   7   26.57   27.31   -0.74
1998   8   25.84   26.96   -1.12
1998   9   25.74   26.87   -1.13
1998  10   25.56   26.83   -1.27
1998  11   25.57   26.78   -1.20
1998  12   25.21   26.73   -1.52
1999   1   25.14   26.71   -1.58
1999   2   25.65   26.89   -1.24
1999   3   26.53   27.37   -0.84
1999   4   26.98   27.85   -0.87
1999   5   27.06   27.96   -0.90
1999   6   26.71   27.73   -1.02
1999   7   26.36   27.31   -0.95
1999   8   25.86   26.96   -1.10
1999   9   25.88   26.87   -0.99
1999  10   25.70   26.83   -1.13
1999  11   25.35   26.78   -1.43
1999  12   25.13   26.73   -1.60
2000   1   25.02   26.71   -1.70
2000   2   25.44   26.89   -1.45
2000   3   26.36   27.37   -1.01
2000   4   27.03   27.85   -0.83
2000   5   27.23   27.96   -0.73
2000   6   27.07   27.73   -0.66
2000   7   26.74   27.31   -0.56
2000   8   26.43   26.96   -0.53
2000   9   26.34   26.87   -0.53
2000  10   26.09   26.83   -0.74
2000  11   26.02   26.78   -0.76
2000  12   25.89   26.73   -0.84
2001   1   25.98   26.61   -0.63
2001   2   26.32   26.80   -0.48
2001   3   26.97   27.32   -0.35
2001   4   27.47   27.86   -0.38
2001   5   27.76   27.98   -0.22
2001   6   27.66   27.76   -0.10
2001   7   27.38   27.37    0.01
2001   8   26.89   27.02   -0.13
2001   9   26.71   26.94   -0.22
2001  10   26.70   26.91   -0.21
2001  11   26.50   26.88   -0.38
2001  12   26.29   26.80   -0.51
2002   1   26.56   26.61   -0.05
2002   2   26.86   26.80    0.06
2002   3   27.41   27.32    0.09
2002   4   27.98   27.86    0.12
2002   5   28.36   27.98    0.38
2002   6   28.50   27.76    0.73
2002   7   28.09   27.37    0.72
2002   8   27.82   27.02    0.79
2002   9   27.86   26.94    0.92
2002  10   28.01   26.91    1.10
2002  11   28.14   26.88    1.26
2002  12   28.01   26.80    1.21
2003   1   27.44   26.61    0.83
2003   2   27.55   26.80    0.75
2003   3   27.80   27.32    0.48
2003   4   27.84   27.86   -0.02
2003   5   27.58   27.98   -0.40
2003   6   27.65   27.76   -0.11
2003   7   27.57   27.37    0.20
2003   8   27.18   27.02    0.16
2003   9   27.10   26.94    0.16
2003  10   27.26   26.91    0.35
2003  11   27.20   26.88    0.32
2003  12   27.11   26.80    0.31
2004   1   26.96   26.61    0.35
2004   2   27.08   26.80    0.28
2004   3   27.46   27.32    0.14
2004   4   28.00   27.86    0.14
2004   5   28.13   27.98    0.15
2004   6   27.93   27.76    0.16
2004   7   27.89   27.37    0.52
2004   8   27.69   27.02    0.66
2004   9   27.64   26.94    0.71
2004  10   27.57   26.91    0.66
2004  11   27.49   26.88    0.60
2004  12   27.47   26.80    0.67
2005   1   27.39   26.61    0.78
2005   2   27.34   26.80    0.54
2005   3   27.90   27.32    0.58
2005   4   28.24   27.86    0.38
2005   5   28.41   27.98    0.43
2005   6   27.97   27.76    0.20
2005   7   27.23   27.37   -0.15
2005   8   27.02   27.02   -0.00
2005   9   26.90   26.94   -0.03
2005  10   26.81   26.91   -0.10
2005  11   26.34   26.88   -0.55
2005  12   26.01   26.80   -0.78
2006   1   25.92   26.61   -0.69
2006   2   26.33   26.80   -0.47
2006   3   26.84   27.32   -0.48
2006   4   27.68   27.86   -0.18
2006   5   27.96   27.98   -0.02
2006   6   27.85   27.76    0.09
2006   7   27.42   27.37    0.04
2006   8   27.30   27.02    0.28
2006   9   27.45   26.94    0.52
2006  10   27.54   26.91    0.63
2006  11   27.79   26.88    0.91
2006  12   27.81   26.80    1.02
2007   1   27.44   26.61    0.83
2007   2   27.11   26.80    0.31
2007   3   27.38   27.32    0.06
2007   4   27.71   27.86   -0.15
2007   5   27.71   27.98   -0.27
2007   6   27.58   27.76   -0.18
2007   7   27.00   27.37   -0.37
2007   8   26.44   27.02   -0.58
2007   9   26.01   26.94   -0.93
2007  10   25.74   26.91   -1.17
2007  11   25.59   26.88   -1.30
2007  12   25.50   26.80   -1.30
2008   1   25.23   26.61   -1.38
2008   2   25.42   26.80   -1.38
2008   3   26.29   27.32   -1.03
2008   4   27.00   27.86   -0.86
2008   5   27.26   27.98   -0.72
2008   6   27.20   27.76   -0.57
2008   7   27.04   27.37   -0.33
2008   8   26.80   27.02   -0.23
2008   9   26.63   26.94   -0.31
2008  10   26.54   26.91   -0.37
2008  11   26.42   26.88   -0.47
2008  12   25.98   26.80   -0.82
2009   1   25.81   26.61   -0.80
2009   2   26.19   26.80   -0.61
2009   3   26.97   27.32   -0.35
2009   4   27.78   27.86   -0.08
2009   5   28.16   27.98    0.18
2009   6   28.15   27.76    0.39
2009   7   27.86   27.37    0.49
2009   8   27.52   27.02    0.49
2009   9   27.50   26.94    0.57
2009  10   27.76   26.91    0.85
2009  11   28.11   26.88    1.23
2009  12   28.15   26.80    1.35
2010   1   27.97   26.61    1.36
2010   2   28.00   26.80    1.20
2010   3   28.25   27.32    0.93
2010   4   28.36   27.86    0.50
2010   5   27.98   27.98   -0.00
2010   6   27.28   27.76   -0.48
2010   7   26.52   27.37   -0.85
2010   8   25.80   27.02   -1.22
2010   9   25.46   26.94   -1.48
2010  10   25.47   26.91   -1.44
2010  11   25.46   26.88   -1.42
2010  12   25.38   26.80   -1.41
2011   1   25.25   26.61   -1.36
2011   2   25.84   26.80   -0.96
2011   3   26.61   27.32   -0.71
2011   4   27.30   27.86   -0.56
2011   5   27.62   27.98   -0.36
2011   6   27.60   27.76   -0.17
2011   7   27.10   27.37   -0.27
2011   8   26.44   27.02   -0.58
2011   9   26.08   26.94   -0.86
2011  10   25.97   26.91   -0.94
2011  11   25.86   26.88   -1.02
2011  12   25.87   26.80   -0.92
2012   1   25.94   26.61   -0.67
2012   2   26.30   26.80   -0.50
2012   3   26.94   27.32   -0.38
2012   4   27.42   27.86   -0.44
2012   5   27.65   27.98   -0.33
2012   6   27.63   27.76   -0.13
2012   7   27.46   27.37    0.09
2012   8   27.25   27.02    0.23
2012   9   27.36   26.94    0.43
2012  10   27.28   26.91    0.37
2012  11   27.10   26.88    0.21
2012  12   26.45   26.80   -0.34
2013   1   26.16   26.61   -0.45
2013   2   26.40   26.80   -0.40
2013   3   26.97   27.32   -0.35
2013   4   27.71   27.86   -0.15
2013   5   27.83   27.98   -0.16
2013   6   27.48   27.76   -0.28
2013   7   27.09   27.37   -0.28
2013   8   26.78   27.02   -0.24
2013   9   26.70   26.94   -0.23
2013  10   26.67   26.91   -0.24
2013  11   26.62   26.88   -0.26
2013  12   26.53   26.80   -0.27
2014   1   26.13   26.61   -0.48
2014   2   26.18   26.80   -0.62
2014   3   26.91   27.32   -0.41
2014   4   27.73   27.86   -0.13
2014   5   28.02   27.98    0.04
2014   6   27.69   27.76   -0.07
2014   7   27.28   27.37   -0.09
2014   8   26.90   27.02   -0.12
2014   9   27.03   26.94    0.09
2014  10   27.25   26.91    0.34
2014  11   27.51   26.88    0.63
2014  12   27.40   26.80    0.61
2015   1   27.22   26.61    0.61
2015   2   27.25   26.80    0.45
2015   3   27.79   27.32    0.47
2015   4   28.59   27.86    0.73
2015   5   28.83   27.98    0.85
2015   6   28.70   27.76    0.94
2015   7   28.50   27.37    1.13
2015   8   28.47   27.02    1.45
2015   9   28.62   26.94    1.68
2015  10   28.86   26.91    1.95
2015  11   29.14   26.88    2.25
2015  12   29.04   26.80    2.24
2016   1   28.95   26.61    2.33
2016   2   28.89   26.80    2.09
2016   3   28.86   27.32    1.54
2016   4   28.96   27.86    1.10
2016   5   28.59   27.98    0.60
2016   6   27.81   27.76    0.05
2016   7   26.98   27.37   -0.39
2016   8   26.39   27.02   -0.63
2016   9   26.20   26.94   -0.74
2016  10   26.04   26.91   -0.87
2016  11   25.96   26.88   -0.93
2016  12   26.08   26.80   -0.72
2017   1   26.24   26.61   -0.37
2017   2   26.63   26.80   -0.17
2017   3   27.30   27.32   -0.02
